2.249209811166508199e-02
9.446876000592469014e-01
8.076170247132574698e-01
1.363508091520897469e-01
5.197361691122219796e-01
5.180683582882150695e-03
9.216016735428785855e-01
1.973509868192372396e-01
4.923410418132961874e-01
2.619218841620662985e-02
8.773257467519184338e-01
9.794133426311980584e-01
8.300284388150414028e-02
5.180454637057643197e-01
9.399561189018185159e-01
4.922235829621872671e-01
1.197718773086734467e-01
7.106701238229792272e-01
9.079019068817003602e-01
3.427285866304735640e-01
6.299026932172855364e-01
8.005626631020497097e-01
9.314757838480076657e-01
3.822061108097052351e-02
1.589498951014722827e-01
1.130595783651465736e-01
5.377454814834266017e-01
8.259324220200776612e-01
4.857267596904443208e-01
9.979405399002369004e-01
3.877865617861711023e-01
4.931011668820296512e-01
5.809056549885507348e-01
3.791371157435752259e-02
9.184254310191491966e-01
3.954056440298950870e-01
3.762123825058250048e-03
3.902017228921922376e-01
1.165746654803627713e-01
9.480479334106772793e-01
1.797674880800254060e-01
6.903218447863084251e-01
3.628396605713314349e-01
6.507523061897287908e-01
4.525935727522804042e-01
9.161245282967611647e-01
6.908490569742373744e-01
1.139147847875568997e-01
2.793229645532984140e-01
2.492620167257317831e-01
2.406038777722386834e-01
1.880391492389476005e-01
3.792905719130958975e-01
2.170109561661613951e-01
4.532300983970952712e-01
1.921769441546100632e-01
9.756915240231797126e-01
4.655464172154731850e-01
8.753080216206146069e-01
4.901159896351426903e-01
7.793662081841843392e-01
8.596184406503124542e-01
1.240158150249681679e-02
7.734802911827485250e-01
1.438160664620682372e-01
5.644563472160231132e-01
5.019290906501772120e-03
6.500800309791869847e-01
7.770160583163194801e-01
2.774911325487847691e-01
8.476443290915375295e-01
7.501117412847460031e-01
2.420803528827132345e-01
1.801227621181462624e-01
7.969953583972806399e-01
6.762750008333137108e-01
6.015827785489232804e-01
1.947249250371974050e-01
5.260699552295408088e-01
7.137665925001407397e-01
4.442649075449439655e-01
7.221261595214336637e-01
2.533296619997970067e-01
7.718897589897283362e-01
9.777314590410534079e-01
9.472045464011998872e-01
1.933319027343471941e-02
2.407780671339624368e-01
7.832213752157884956e-01
9.801267132323362441e-01
3.402029724343723638e-01
3.018524568613236703e-01
1.231721618872760882e-01
2.337577618757767928e-01
8.434585423522619196e-01
1.154157556826171938e-01
1.882993254255997950e-01
7.701724697771409334e-01
9.925535723718961201e-01
1.921422189562194127e-01
